100 1
25 19 2 31 9 20 5 39 26 18 30 21 42 2 6959 24 13 34 5630
20 25 3 15 6 6 6 29 10 20 19 23 35 3 9313 23 16 25 8456
13 5 5 13 17 7 4 39 10 9 16 16 30 3 7581 11 6 16 9405
23 19 5 23 6 19 5 27 29 11 33 20 27 2 7315 17 16 19 6904
15 20 1 27 5 8 3 17 20 8 11 19 22 1 8816 5 9 35 5412
20 25 3 6 9 22 6 20 10 19 19 23 35 3 5026 7 16 26 8455
24 25 3 35 15 23 1 20 22 9 24 23 23 2 9155 23 10 31 6848
25 14 1 25 16 6 6 30 25 15 31 21 27 1 5139 23 12 28 6798
18 15 3 16 11 20 6 24 24 10 30 6 23 3 7919 5 25 45 9526
19 9 2 29 18 7 6 22 13 9 31 26 33 2 9003 11 13 29 6077
17 24 4 35 30 11 2 22 29 14 31 22 28 3 8649 17 20 31 6771
17 10 3 27 20 11 1 28 27 11 32 13 27 3 6611 11 22 41 5712
12 23 3 6 16 7 1 15 17 16 12 24 39 2 8124 13 6 15 6076
20 25 3 15 6 13 3 19 29 9 31 20 50 3 8988 8 9 19 7817
13 25 3 10 14 8 5 28 25 7 24 7 46 2 5139 23 6 15 6055
19 15 5 18 20 13 2 32 25 8 24 23 35 2 5605 15 13 38 5296
13 21 3 15 8 24 4 35 16 8 24 23 35 2 8124 7 13 34 5897
25 19 2 31 9 20 5 39 25 18 30 21 42 2 6959 24 22 37 5630
13 21 3 32 13 9 6 37 13 17 33 24 55 2 7711 18 9 32 5897
20 15 4 13 9 11 1 18 25 15 25 16 41 1 8748 12 22 37 8659
13 5 4 13 17 7 4 37 13 9 32 16 30 3 7581 11 6 16 9405
19 17 5 14 18 12 1 39 10 9 16 16 31 2 9004 11 13 29 5157
11 24 4 13 27 25 3 37 29 10 30 16 27 2 9726 24 23 31 7268
18 8 4 23 7 11 1 36 26 20 17 29 26 2 6283 8 8 16 8302
18 15 1 28 13 7 6 23 25 15 16 9 38 3 6443 10 14 36 8281
24 25 5 9 26 15 2 39 20 11 17 6 27 1 5221 7 8 45 6076
25 19 2 31 9 21 6 23 25 15 12 23 27 1 5139 24 16 30 6797
15 19 5 23 15 23 1 20 23 15 18 14 48 1 7315 18 16 21 5411
17 13 1 15 20 16 6 38 13 8 32 18 22 1 5517 7 24 25 5305
19 5 4 27 20 17 2 17 28 12 34 11 48 2 5605 25 26 43 9230
25 15 3 16 17 20 6 23 25 15 31 22 39 2 6444 10 14 37 8281
12 21 4 15 20 17 6 37 12 13 24 23 35 2 5605 25 24 25 5897
19 15 4 13 9 11 1 37 13 15 25 16 41 1 8748 12 9 32 8659
19 23 5 18 29 14 1 36 26 19 23 6 26 3 6904 25 29 17 7379
13 25 5 11 14 8 5 28 25 7 24 7 46 2 9816 18 7 15 6055
18 23 3 15 6 6 6 30 23 15 18 15 48 1 9313 16 16 21 6483
11 24 5 13 27 11 1 37 29 10 30 16 26 2 6283 24 23 31 7268
24 25 4 8 27 17 1 25 25 10 34 22 41 1 8748 12 9 32 8659
14 22 3 14 5 12 1 37 15 8 14 11 26 1 9111 24 21 34 6682
23 9 2 27 20 8 6 22 28 7 20 24 30 2 6313 7 26 43 9230
23 22 4 13 5 11 4 37 13 15 25 14 28 2 8032 25 17 44 6897
21 20 4 16 9 11 1 34 11 18 27 22 29 1 6247 25 10 20 7117
19 22 4 26 24 14 1 16 13 8 30 21 30 2 6495 24 23 20 8508
18 8 1 21 6 14 2 36 26 20 17 29 26 2 9726 7 19 16 8302
18 21 2 28 13 7 4 17 20 15 16 9 38 2 6444 10 14 37 8281
10 8 4 27 21 11 1 28 27 11 24 23 44 3 9634 11 22 41 5712
24 25 5 8 27 19 4 29 27 17 20 15 31 3 9634 11 7 42 6369
24 25 5 8 26 15 2 36 17 16 27 14 27 1 5220 7 22 25 6076
25 24 5 26 21 15 2 15 19 7 23 7 27 3 9816 15 9 45 8284
17 10 3 20 15 17 6 34 16 8 32 13 27 2 6611 13 12 21 7167
11 9 2 35 28 15 1 16 25 17 13 24 34 2 7871 13 6 15 5634
12 24 4 6 5 11 4 37 24 9 34 16 23 2 6208 10 22 39 9003
25 15 3 16 10 20 6 30 25 15 30 22 27 1 5139 23 12 28 6797
18 23 3 6 15 23 1 20 23 15 18 14 48 1 9155 16 16 21 6483
25 11 5 23 8 24 4 38 20 11 18 6 49 3 6270 11 8 45 8283
23 20 5 10 6 8 5 28 20 7 24 7 46 2 9816 15 9 44 8283
24 25 5 8 27 15 2 36 12 13 20 22 27 1 5220 25 10 38 9238
19 15 5 8 27 17 1 25 29 10 30 21 41 1 8748 12 9 32 8659
24 25 5 18 25 13 2 32 25 8 31 22 50 3 9942 15 13 38 5296
23 13 3 6 18 13 2 37 13 15 25 16 23 2 6209 7 5 19 8922
11 24 4 13 27 11 1 37 25 9 34 16 26 2 6283 24 23 31 7268
13 21 3 15 8 24 4 35 17 8 24 23 35 2 8124 7 22 37 5897
20 25 3 15 29 14 1 17 12 20 19 23 50 1 6904 25 29 18 7817
19 5 4 27 20 17 2 17 28 8 34 18 22 1 5517 7 26 43 9230
24 5 2 14 9 11 4 19 14 7 16 28 36 1 5565 22 12 21 8280
15 19 5 23 6 19 3 17 29 12 33 20 27 2 7315 17 16 35 5412
19 17 5 14 18 12 1 37 13 9 31 16 31 2 9004 11 13 29 5157
14 21 3 32 13 9 6 18 25 17 32 24 55 2 7711 18 22 37 5897
24 25 3 35 9 22 6 20 22 9 24 23 23 2 5026 7 10 31 6848
24 25 5 8 27 17 1 25 29 10 30 22 41 1 8748 12 9 33 8659
24 6 4 26 9 11 1 34 11 18 27 21 30 1 5566 22 23 20 8280
11 11 3 14 5 12 2 33 27 17 20 15 31 3 7524 6 7 42 6369
23 14 2 13 9 11 2 37 13 15 25 16 26 2 6246 25 13 19 8921
12 23 3 6 16 7 1 15 17 16 27 14 39 2 8124 7 21 24 6076
19 9 2 29 7 7 6 22 28 8 14 11 30 1 6313 7 17 19 6077
15 19 5 23 18 19 2 17 12 7 33 20 33 1 7315 18 16 29 5412
18 23 4 20 16 23 6 27 29 14 31 22 28 3 8649 17 18 29 6771
19 15 5 18 25 13 2 32 25 8 31 21 50 3 9942 15 13 38 5296
18 5 5 13 17 20 6 39 10 9 29 9 38 2 6444 10 14 37 8281
9 11 5 18 22 5 1 37 13 9 24 16 32 1 9004 9 13 35 5543
20 16 4 14 6 12 3 19 29 9 31 20 33 3 8988 8 7 42 5157
20 24 3 15 9 24 4 35 14 8 24 23 35 3 5025 24 16 25 8456
11 5 4 11 6 20 5 39 26 18 30 21 42 2 6959 25 11 34 5630
18 14 2 25 16 7 6 24 24 10 30 6 23 3 7919 5 25 45 9526
25 15 3 16 10 20 6 23 25 15 30 22 27 1 5139 23 12 30 6797
25 19 2 31 9 20 6 23 25 15 12 22 27 1 5139 24 12 30 6797
18 8 4 6 9 23 3 26 28 7 29 26 33 3 7462 12 21 44 7228
10 8 5 26 21 15 2 36 12 13 20 22 27 3 5220 25 30 32 9238
18 8 4 23 8 25 3 36 26 20 17 29 26 2 9726 8 8 16 8302
24 15 5 10 12 21 6 31 15 7 23 14 54 3 9962 20 8 31 9707
19 22 2 13 9 11 4 19 14 7 16 28 36 1 6246 25 13 21 8508
14 6 5 14 6 15 4 33 27 9 19 14 45 3 5820 15 28 17 5415
11 9 2 35 28 18 1 25 27 20 10 28 25 2 5978 8 17 29 5634
24 11 2 16 12 8 4 20 17 8 25 22 39 2 8083 5 26 16 7480
16 18 3 34 8 24 2 31 26 20 24 23 44 1 6393 20 8 15 5712
18 16 2 35 11 9 4 16 16 9 23 28 23 1 6277 16 20 17 9581
16 7 3 6 25 16 6 35 22 9 31 18 40 3 9950 15 27 39 5436
17 24 4 35 30 10 2 22 20 15 15 7 32 3 8928 8 20 31 5932
19 5 4 28 28 17 2 17 28 8 34 18 21 1 5517 7 29 18 5694
17 6 1 28 14 23 6 34 28 18 30 30 42 2 8654 22 12 42 8567
19 16 3 27 7 8 4 23 27 19 17 24 29 2 9208 18 15 36 9975
